37515.7
37494.5
37466.336363636365
37439.62066115702
37428.4350864012
37438.44688887371
37445.09290907849
37439.4396528824
37421.377897812876
37408.8364618469
37398.15710514746
37389.4194496661
37370.634095181354
37370.755168784744
37369.38150173297
37358.76668323606
37346.71819537496
37340.623978034055
37348.89234566423
37349.22101008891
37353.471735527295
37363.74960179506
37358.995128741415
37354.01419624298
37343.157069653345
37339.45578426183
37329.22745985059
37320.16792169594
37328.573754114856
37332.4512533667
37332.87829820912
37341.17315308019
37350.59621615652
37366.86963140079
37389.43878932792
37410.831736722845
37425.862330045966
37433.41463367397
37453.52106391507
37488.09905229414
37497.42649733157
37495.80349781674
37497.13013457733
37492.197382836
37473.25240413855
37437.11560338608
37418.094584588616
37410.84102375432
37418.05174670808
37432.67870185206
37422.19166515169
37401.647726033196
37398.80268493625
37385.493105856935
37369.276177519314
37346.3168725158
37331.277441149294
37303.64517912215
37290.2369647363
37275.139334784246
37253.04127391438
37218.63376956631
37188.045811463344
37145.5102093791
37143.39926221926
37147.92666908848
37138.321820163306
37128.772398315436
37144.0137804399
37159.64763854173
37161.275340625056
37163.51618778414
37180.604153641565
37195.02158025219
37202.67220202452
37212.54998347461
37218.35907738832
37221.439245135894
37224.9775642021
37235.39982525626
37248.34531157331
37269.80980037816
37274.189836673046
37275.77350273249
37290.48741132658
37295.67151835811
37289.84033320209
37282.76027261989
37276.80385941627
37269.8213395224
37264.490186881965
37272.96469835797
37291.86202592925
37295.141657578475
37291.35226529148
37291.88821705667
